{
 "cells": [
  {
   "cell_type": "code",
   "execution_count": 2,
   "metadata": {
    "collapsed": false
   },
   "outputs": [
    {
     "data": {
      "text/html": [
       "<div>\n",
       "<table border=\"1\" class=\"dataframe\">\n",
       "  <thead>\n",
       "    <tr style=\"text-align: right;\">\n",
       "      <th></th>\n",
       "      <th>0</th>\n",
       "      <th>1</th>\n",
       "      <th>2</th>\n",
       "      <th>3</th>\n",
       "    </tr>\n",
       "  </thead>\n",
       "  <tbody>\n",
       "    <tr>\n",
       "      <th>0</th>\n",
       "      <td>0.256140</td>\n",
       "      <td>0.021821</td>\n",
       "      <td>0.861509</td>\n",
       "      <td>0.959911</td>\n",
       "    </tr>\n",
       "    <tr>\n",
       "      <th>1</th>\n",
       "      <td>0.122057</td>\n",
       "      <td>0.845226</td>\n",
       "      <td>0.696506</td>\n",
       "      <td>0.148699</td>\n",
       "    </tr>\n",
       "    <tr>\n",
       "      <th>2</th>\n",
       "      <td>0.726453</td>\n",
       "      <td>0.218114</td>\n",
       "      <td>0.960755</td>\n",
       "      <td>0.198306</td>\n",
       "    </tr>\n",
       "    <tr>\n",
       "      <th>3</th>\n",
       "      <td>0.906006</td>\n",
       "      <td>0.350190</td>\n",
       "      <td>0.126388</td>\n",
       "      <td>0.678321</td>\n",
       "    </tr>\n",
       "    <tr>\n",
       "      <th>4</th>\n",
       "      <td>0.905958</td>\n",
       "      <td>0.333877</td>\n",
       "      <td>0.745048</td>\n",
       "      <td>0.767306</td>\n",
       "    </tr>\n",
       "    <tr>\n",
       "      <th>5</th>\n",
       "      <td>0.740672</td>\n",
       "      <td>0.245764</td>\n",
       "      <td>0.122640</td>\n",
       "      <td>0.705787</td>\n",
       "    </tr>\n",
       "    <tr>\n",
       "      <th>6</th>\n",
       "      <td>0.248635</td>\n",
       "      <td>0.183440</td>\n",
       "      <td>0.634363</td>\n",
       "      <td>0.283858</td>\n",
       "    </tr>\n",
       "    <tr>\n",
       "      <th>7</th>\n",
       "      <td>0.284415</td>\n",
       "      <td>0.429537</td>\n",
       "      <td>0.383899</td>\n",
       "      <td>0.206239</td>\n",
       "    </tr>\n",
       "    <tr>\n",
       "      <th>8</th>\n",
       "      <td>0.768713</td>\n",
       "      <td>0.760318</td>\n",
       "      <td>0.970650</td>\n",
       "      <td>0.321685</td>\n",
       "    </tr>\n",
       "    <tr>\n",
       "      <th>9</th>\n",
       "      <td>0.454392</td>\n",
       "      <td>0.212103</td>\n",
       "      <td>0.256736</td>\n",
       "      <td>0.170178</td>\n",
       "    </tr>\n",
       "    <tr>\n",
       "      <th>10</th>\n",
       "      <td>0.398442</td>\n",
       "      <td>0.394336</td>\n",
       "      <td>0.797771</td>\n",
       "      <td>0.388758</td>\n",
       "    </tr>\n",
       "    <tr>\n",
       "      <th>11</th>\n",
       "      <td>0.928001</td>\n",
       "      <td>0.124364</td>\n",
       "      <td>0.975937</td>\n",
       "      <td>0.088078</td>\n",
       "    </tr>\n",
       "    <tr>\n",
       "      <th>12</th>\n",
       "      <td>0.248954</td>\n",
       "      <td>0.932197</td>\n",
       "      <td>0.245250</td>\n",
       "      <td>0.600394</td>\n",
       "    </tr>\n",
       "    <tr>\n",
       "      <th>13</th>\n",
       "      <td>0.633827</td>\n",
       "      <td>0.527758</td>\n",
       "      <td>0.400908</td>\n",
       "      <td>0.174506</td>\n",
       "    </tr>\n",
       "    <tr>\n",
       "      <th>14</th>\n",
       "      <td>0.898123</td>\n",
       "      <td>0.981077</td>\n",
       "      <td>0.385086</td>\n",
       "      <td>0.117124</td>\n",
       "    </tr>\n",
       "    <tr>\n",
       "      <th>15</th>\n",
       "      <td>0.363135</td>\n",
       "      <td>0.957774</td>\n",
       "      <td>0.103713</td>\n",
       "      <td>0.536464</td>\n",
       "    </tr>\n",
       "    <tr>\n",
       "      <th>16</th>\n",
       "      <td>0.156722</td>\n",
       "      <td>0.652997</td>\n",
       "      <td>0.947282</td>\n",
       "      <td>0.805937</td>\n",
       "    </tr>\n",
       "    <tr>\n",
       "      <th>17</th>\n",
       "      <td>0.237748</td>\n",
       "      <td>0.034058</td>\n",
       "      <td>0.450044</td>\n",
       "      <td>0.113343</td>\n",
       "    </tr>\n",
       "    <tr>\n",
       "      <th>18</th>\n",
       "      <td>0.743524</td>\n",
       "      <td>0.490304</td>\n",
       "      <td>0.833266</td>\n",
       "      <td>0.439628</td>\n",
       "    </tr>\n",
       "    <tr>\n",
       "      <th>19</th>\n",
       "      <td>0.719932</td>\n",
       "      <td>0.795728</td>\n",
       "      <td>0.491034</td>\n",
       "      <td>0.356091</td>\n",
       "    </tr>\n",
       "    <tr>\n",
       "      <th>20</th>\n",
       "      <td>0.943673</td>\n",
       "      <td>0.872107</td>\n",
       "      <td>0.491260</td>\n",
       "      <td>0.840621</td>\n",
       "    </tr>\n",
       "    <tr>\n",
       "      <th>21</th>\n",
       "      <td>0.143653</td>\n",
       "      <td>0.628237</td>\n",
       "      <td>0.222645</td>\n",
       "      <td>0.388624</td>\n",
       "    </tr>\n",
       "    <tr>\n",
       "      <th>22</th>\n",
       "      <td>0.067217</td>\n",
       "      <td>0.714923</td>\n",
       "      <td>0.171014</td>\n",
       "      <td>0.317878</td>\n",
       "    </tr>\n",
       "    <tr>\n",
       "      <th>23</th>\n",
       "      <td>0.971530</td>\n",
       "      <td>0.416940</td>\n",
       "      <td>0.511548</td>\n",
       "      <td>0.683686</td>\n",
       "    </tr>\n",
       "    <tr>\n",
       "      <th>24</th>\n",
       "      <td>0.591342</td>\n",
       "      <td>0.783401</td>\n",
       "      <td>0.284444</td>\n",
       "      <td>0.975851</td>\n",
       "    </tr>\n",
       "  </tbody>\n",
       "</table>\n",
       "</div>"
      ],
      "text/plain": [
       "           0         1         2         3\n",
       "0   0.256140  0.021821  0.861509  0.959911\n",
       "1   0.122057  0.845226  0.696506  0.148699\n",
       "2   0.726453  0.218114  0.960755  0.198306\n",
       "3   0.906006  0.350190  0.126388  0.678321\n",
       "4   0.905958  0.333877  0.745048  0.767306\n",
       "5   0.740672  0.245764  0.122640  0.705787\n",
       "6   0.248635  0.183440  0.634363  0.283858\n",
       "7   0.284415  0.429537  0.383899  0.206239\n",
       "8   0.768713  0.760318  0.970650  0.321685\n",
       "9   0.454392  0.212103  0.256736  0.170178\n",
       "10  0.398442  0.394336  0.797771  0.388758\n",
       "11  0.928001  0.124364  0.975937  0.088078\n",
       "12  0.248954  0.932197  0.245250  0.600394\n",
       "13  0.633827  0.527758  0.400908  0.174506\n",
       "14  0.898123  0.981077  0.385086  0.117124\n",
       "15  0.363135  0.957774  0.103713  0.536464\n",
       "16  0.156722  0.652997  0.947282  0.805937\n",
       "17  0.237748  0.034058  0.450044  0.113343\n",
       "18  0.743524  0.490304  0.833266  0.439628\n",
       "19  0.719932  0.795728  0.491034  0.356091\n",
       "20  0.943673  0.872107  0.491260  0.840621\n",
       "21  0.143653  0.628237  0.222645  0.388624\n",
       "22  0.067217  0.714923  0.171014  0.317878\n",
       "23  0.971530  0.416940  0.511548  0.683686\n",
       "24  0.591342  0.783401  0.284444  0.975851"
      ]
     },
     "execution_count": 2,
     "metadata": {},
     "output_type": "execute_result"
    }
   ],
   "source": [
    "import numpy as np\n",
    "import pandas as pd\n",
    "from pandas import Series, DataFrame\n",
    "\n",
    "d=DataFrame(np.random.uniform(size=100).reshape(25,4))\n",
    "\n",
    "d"
   ]
  },
  {
   "cell_type": "code",
   "execution_count": 5,
   "metadata": {
    "collapsed": false
   },
   "outputs": [
    {
     "name": "stderr",
     "output_type": "stream",
     "text": [
      "C:\\Users\\marvinw\\AppData\\Local\\Continuum\\Anaconda\\lib\\site-packages\\ipykernel\\__main__.py:5: FutureWarning: sort(columns=....) is deprecated, use sort_values(by=.....)\n"
     ]
    },
    {
     "data": {
      "text/html": [
       "<div>\n",
       "<table border=\"1\" class=\"dataframe\">\n",
       "  <thead>\n",
       "    <tr style=\"text-align: right;\">\n",
       "      <th></th>\n",
       "      <th>0</th>\n",
       "      <th>1</th>\n",
       "      <th>2</th>\n",
       "      <th>3</th>\n",
       "      <th>cat</th>\n",
       "    </tr>\n",
       "  </thead>\n",
       "  <tbody>\n",
       "    <tr>\n",
       "      <th>0</th>\n",
       "      <td>0.256140</td>\n",
       "      <td>0.021821</td>\n",
       "      <td>0.861509</td>\n",
       "      <td>0.959911</td>\n",
       "      <td>first</td>\n",
       "    </tr>\n",
       "    <tr>\n",
       "      <th>18</th>\n",
       "      <td>0.743524</td>\n",
       "      <td>0.490304</td>\n",
       "      <td>0.833266</td>\n",
       "      <td>0.439628</td>\n",
       "      <td>first</td>\n",
       "    </tr>\n",
       "    <tr>\n",
       "      <th>17</th>\n",
       "      <td>0.237748</td>\n",
       "      <td>0.034058</td>\n",
       "      <td>0.450044</td>\n",
       "      <td>0.113343</td>\n",
       "      <td>first</td>\n",
       "    </tr>\n",
       "    <tr>\n",
       "      <th>14</th>\n",
       "      <td>0.898123</td>\n",
       "      <td>0.981077</td>\n",
       "      <td>0.385086</td>\n",
       "      <td>0.117124</td>\n",
       "      <td>first</td>\n",
       "    </tr>\n",
       "    <tr>\n",
       "      <th>11</th>\n",
       "      <td>0.928001</td>\n",
       "      <td>0.124364</td>\n",
       "      <td>0.975937</td>\n",
       "      <td>0.088078</td>\n",
       "      <td>first</td>\n",
       "    </tr>\n",
       "    <tr>\n",
       "      <th>6</th>\n",
       "      <td>0.248635</td>\n",
       "      <td>0.183440</td>\n",
       "      <td>0.634363</td>\n",
       "      <td>0.283858</td>\n",
       "      <td>first</td>\n",
       "    </tr>\n",
       "    <tr>\n",
       "      <th>10</th>\n",
       "      <td>0.398442</td>\n",
       "      <td>0.394336</td>\n",
       "      <td>0.797771</td>\n",
       "      <td>0.388758</td>\n",
       "      <td>fourth</td>\n",
       "    </tr>\n",
       "    <tr>\n",
       "      <th>24</th>\n",
       "      <td>0.591342</td>\n",
       "      <td>0.783401</td>\n",
       "      <td>0.284444</td>\n",
       "      <td>0.975851</td>\n",
       "      <td>fourth</td>\n",
       "    </tr>\n",
       "    <tr>\n",
       "      <th>5</th>\n",
       "      <td>0.740672</td>\n",
       "      <td>0.245764</td>\n",
       "      <td>0.122640</td>\n",
       "      <td>0.705787</td>\n",
       "      <td>fourth</td>\n",
       "    </tr>\n",
       "    <tr>\n",
       "      <th>16</th>\n",
       "      <td>0.156722</td>\n",
       "      <td>0.652997</td>\n",
       "      <td>0.947282</td>\n",
       "      <td>0.805937</td>\n",
       "      <td>second</td>\n",
       "    </tr>\n",
       "    <tr>\n",
       "      <th>9</th>\n",
       "      <td>0.454392</td>\n",
       "      <td>0.212103</td>\n",
       "      <td>0.256736</td>\n",
       "      <td>0.170178</td>\n",
       "      <td>second</td>\n",
       "    </tr>\n",
       "    <tr>\n",
       "      <th>4</th>\n",
       "      <td>0.905958</td>\n",
       "      <td>0.333877</td>\n",
       "      <td>0.745048</td>\n",
       "      <td>0.767306</td>\n",
       "      <td>second</td>\n",
       "    </tr>\n",
       "    <tr>\n",
       "      <th>20</th>\n",
       "      <td>0.943673</td>\n",
       "      <td>0.872107</td>\n",
       "      <td>0.491260</td>\n",
       "      <td>0.840621</td>\n",
       "      <td>second</td>\n",
       "    </tr>\n",
       "    <tr>\n",
       "      <th>15</th>\n",
       "      <td>0.363135</td>\n",
       "      <td>0.957774</td>\n",
       "      <td>0.103713</td>\n",
       "      <td>0.536464</td>\n",
       "      <td>second</td>\n",
       "    </tr>\n",
       "    <tr>\n",
       "      <th>7</th>\n",
       "      <td>0.284415</td>\n",
       "      <td>0.429537</td>\n",
       "      <td>0.383899</td>\n",
       "      <td>0.206239</td>\n",
       "      <td>second</td>\n",
       "    </tr>\n",
       "    <tr>\n",
       "      <th>19</th>\n",
       "      <td>0.719932</td>\n",
       "      <td>0.795728</td>\n",
       "      <td>0.491034</td>\n",
       "      <td>0.356091</td>\n",
       "      <td>second</td>\n",
       "    </tr>\n",
       "    <tr>\n",
       "      <th>1</th>\n",
       "      <td>0.122057</td>\n",
       "      <td>0.845226</td>\n",
       "      <td>0.696506</td>\n",
       "      <td>0.148699</td>\n",
       "      <td>second</td>\n",
       "    </tr>\n",
       "    <tr>\n",
       "      <th>22</th>\n",
       "      <td>0.067217</td>\n",
       "      <td>0.714923</td>\n",
       "      <td>0.171014</td>\n",
       "      <td>0.317878</td>\n",
       "      <td>third</td>\n",
       "    </tr>\n",
       "    <tr>\n",
       "      <th>21</th>\n",
       "      <td>0.143653</td>\n",
       "      <td>0.628237</td>\n",
       "      <td>0.222645</td>\n",
       "      <td>0.388624</td>\n",
       "      <td>third</td>\n",
       "    </tr>\n",
       "    <tr>\n",
       "      <th>8</th>\n",
       "      <td>0.768713</td>\n",
       "      <td>0.760318</td>\n",
       "      <td>0.970650</td>\n",
       "      <td>0.321685</td>\n",
       "      <td>third</td>\n",
       "    </tr>\n",
       "    <tr>\n",
       "      <th>3</th>\n",
       "      <td>0.906006</td>\n",
       "      <td>0.350190</td>\n",
       "      <td>0.126388</td>\n",
       "      <td>0.678321</td>\n",
       "      <td>third</td>\n",
       "    </tr>\n",
       "    <tr>\n",
       "      <th>13</th>\n",
       "      <td>0.633827</td>\n",
       "      <td>0.527758</td>\n",
       "      <td>0.400908</td>\n",
       "      <td>0.174506</td>\n",
       "      <td>third</td>\n",
       "    </tr>\n",
       "    <tr>\n",
       "      <th>23</th>\n",
       "      <td>0.971530</td>\n",
       "      <td>0.416940</td>\n",
       "      <td>0.511548</td>\n",
       "      <td>0.683686</td>\n",
       "      <td>third</td>\n",
       "    </tr>\n",
       "    <tr>\n",
       "      <th>2</th>\n",
       "      <td>0.726453</td>\n",
       "      <td>0.218114</td>\n",
       "      <td>0.960755</td>\n",
       "      <td>0.198306</td>\n",
       "      <td>third</td>\n",
       "    </tr>\n",
       "    <tr>\n",
       "      <th>12</th>\n",
       "      <td>0.248954</td>\n",
       "      <td>0.932197</td>\n",
       "      <td>0.245250</td>\n",
       "      <td>0.600394</td>\n",
       "      <td>third</td>\n",
       "    </tr>\n",
       "  </tbody>\n",
       "</table>\n",
       "</div>"
      ],
      "text/plain": [
       "           0         1         2         3     cat\n",
       "0   0.256140  0.021821  0.861509  0.959911   first\n",
       "18  0.743524  0.490304  0.833266  0.439628   first\n",
       "17  0.237748  0.034058  0.450044  0.113343   first\n",
       "14  0.898123  0.981077  0.385086  0.117124   first\n",
       "11  0.928001  0.124364  0.975937  0.088078   first\n",
       "6   0.248635  0.183440  0.634363  0.283858   first\n",
       "10  0.398442  0.394336  0.797771  0.388758  fourth\n",
       "24  0.591342  0.783401  0.284444  0.975851  fourth\n",
       "5   0.740672  0.245764  0.122640  0.705787  fourth\n",
       "16  0.156722  0.652997  0.947282  0.805937  second\n",
       "9   0.454392  0.212103  0.256736  0.170178  second\n",
       "4   0.905958  0.333877  0.745048  0.767306  second\n",
       "20  0.943673  0.872107  0.491260  0.840621  second\n",
       "15  0.363135  0.957774  0.103713  0.536464  second\n",
       "7   0.284415  0.429537  0.383899  0.206239  second\n",
       "19  0.719932  0.795728  0.491034  0.356091  second\n",
       "1   0.122057  0.845226  0.696506  0.148699  second\n",
       "22  0.067217  0.714923  0.171014  0.317878   third\n",
       "21  0.143653  0.628237  0.222645  0.388624   third\n",
       "8   0.768713  0.760318  0.970650  0.321685   third\n",
       "3   0.906006  0.350190  0.126388  0.678321   third\n",
       "13  0.633827  0.527758  0.400908  0.174506   third\n",
       "23  0.971530  0.416940  0.511548  0.683686   third\n",
       "2   0.726453  0.218114  0.960755  0.198306   third\n",
       "12  0.248954  0.932197  0.245250  0.600394   third"
      ]
     },
     "execution_count": 5,
     "metadata": {},
     "output_type": "execute_result"
    }
   ],
   "source": [
    "cat_list=['first','second','third','fourth']\n",
    "\n",
    "d['cat']=np.random.choice(cat_list,size=len(d))\n",
    "\n",
    "d.sort('cat')"
   ]
  },
  {
   "cell_type": "code",
   "execution_count": 6,
   "metadata": {
    "collapsed": false
   },
   "outputs": [
    {
     "name": "stderr",
     "output_type": "stream",
     "text": [
      "C:\\Users\\marvinw\\AppData\\Local\\Continuum\\Anaconda\\lib\\site-packages\\ipykernel\\__main__.py:5: FutureWarning: sort(columns=....) is deprecated, use sort_values(by=.....)\n"
     ]
    },
    {
     "data": {
      "text/html": [
       "<div>\n",
       "<table border=\"1\" class=\"dataframe\">\n",
       "  <thead>\n",
       "    <tr style=\"text-align: right;\">\n",
       "      <th></th>\n",
       "      <th>0</th>\n",
       "      <th>1</th>\n",
       "      <th>2</th>\n",
       "      <th>3</th>\n",
       "      <th>cat</th>\n",
       "      <th>cat_sort</th>\n",
       "    </tr>\n",
       "  </thead>\n",
       "  <tbody>\n",
       "    <tr>\n",
       "      <th>0</th>\n",
       "      <td>0.256140</td>\n",
       "      <td>0.021821</td>\n",
       "      <td>0.861509</td>\n",
       "      <td>0.959911</td>\n",
       "      <td>first</td>\n",
       "      <td>first</td>\n",
       "    </tr>\n",
       "    <tr>\n",
       "      <th>6</th>\n",
       "      <td>0.248635</td>\n",
       "      <td>0.183440</td>\n",
       "      <td>0.634363</td>\n",
       "      <td>0.283858</td>\n",
       "      <td>first</td>\n",
       "      <td>first</td>\n",
       "    </tr>\n",
       "    <tr>\n",
       "      <th>18</th>\n",
       "      <td>0.743524</td>\n",
       "      <td>0.490304</td>\n",
       "      <td>0.833266</td>\n",
       "      <td>0.439628</td>\n",
       "      <td>first</td>\n",
       "      <td>first</td>\n",
       "    </tr>\n",
       "    <tr>\n",
       "      <th>11</th>\n",
       "      <td>0.928001</td>\n",
       "      <td>0.124364</td>\n",
       "      <td>0.975937</td>\n",
       "      <td>0.088078</td>\n",
       "      <td>first</td>\n",
       "      <td>first</td>\n",
       "    </tr>\n",
       "    <tr>\n",
       "      <th>17</th>\n",
       "      <td>0.237748</td>\n",
       "      <td>0.034058</td>\n",
       "      <td>0.450044</td>\n",
       "      <td>0.113343</td>\n",
       "      <td>first</td>\n",
       "      <td>first</td>\n",
       "    </tr>\n",
       "    <tr>\n",
       "      <th>14</th>\n",
       "      <td>0.898123</td>\n",
       "      <td>0.981077</td>\n",
       "      <td>0.385086</td>\n",
       "      <td>0.117124</td>\n",
       "      <td>first</td>\n",
       "      <td>first</td>\n",
       "    </tr>\n",
       "    <tr>\n",
       "      <th>1</th>\n",
       "      <td>0.122057</td>\n",
       "      <td>0.845226</td>\n",
       "      <td>0.696506</td>\n",
       "      <td>0.148699</td>\n",
       "      <td>second</td>\n",
       "      <td>second</td>\n",
       "    </tr>\n",
       "    <tr>\n",
       "      <th>4</th>\n",
       "      <td>0.905958</td>\n",
       "      <td>0.333877</td>\n",
       "      <td>0.745048</td>\n",
       "      <td>0.767306</td>\n",
       "      <td>second</td>\n",
       "      <td>second</td>\n",
       "    </tr>\n",
       "    <tr>\n",
       "      <th>20</th>\n",
       "      <td>0.943673</td>\n",
       "      <td>0.872107</td>\n",
       "      <td>0.491260</td>\n",
       "      <td>0.840621</td>\n",
       "      <td>second</td>\n",
       "      <td>second</td>\n",
       "    </tr>\n",
       "    <tr>\n",
       "      <th>7</th>\n",
       "      <td>0.284415</td>\n",
       "      <td>0.429537</td>\n",
       "      <td>0.383899</td>\n",
       "      <td>0.206239</td>\n",
       "      <td>second</td>\n",
       "      <td>second</td>\n",
       "    </tr>\n",
       "    <tr>\n",
       "      <th>19</th>\n",
       "      <td>0.719932</td>\n",
       "      <td>0.795728</td>\n",
       "      <td>0.491034</td>\n",
       "      <td>0.356091</td>\n",
       "      <td>second</td>\n",
       "      <td>second</td>\n",
       "    </tr>\n",
       "    <tr>\n",
       "      <th>9</th>\n",
       "      <td>0.454392</td>\n",
       "      <td>0.212103</td>\n",
       "      <td>0.256736</td>\n",
       "      <td>0.170178</td>\n",
       "      <td>second</td>\n",
       "      <td>second</td>\n",
       "    </tr>\n",
       "    <tr>\n",
       "      <th>16</th>\n",
       "      <td>0.156722</td>\n",
       "      <td>0.652997</td>\n",
       "      <td>0.947282</td>\n",
       "      <td>0.805937</td>\n",
       "      <td>second</td>\n",
       "      <td>second</td>\n",
       "    </tr>\n",
       "    <tr>\n",
       "      <th>15</th>\n",
       "      <td>0.363135</td>\n",
       "      <td>0.957774</td>\n",
       "      <td>0.103713</td>\n",
       "      <td>0.536464</td>\n",
       "      <td>second</td>\n",
       "      <td>second</td>\n",
       "    </tr>\n",
       "    <tr>\n",
       "      <th>22</th>\n",
       "      <td>0.067217</td>\n",
       "      <td>0.714923</td>\n",
       "      <td>0.171014</td>\n",
       "      <td>0.317878</td>\n",
       "      <td>third</td>\n",
       "      <td>third</td>\n",
       "    </tr>\n",
       "    <tr>\n",
       "      <th>21</th>\n",
       "      <td>0.143653</td>\n",
       "      <td>0.628237</td>\n",
       "      <td>0.222645</td>\n",
       "      <td>0.388624</td>\n",
       "      <td>third</td>\n",
       "      <td>third</td>\n",
       "    </tr>\n",
       "    <tr>\n",
       "      <th>12</th>\n",
       "      <td>0.248954</td>\n",
       "      <td>0.932197</td>\n",
       "      <td>0.245250</td>\n",
       "      <td>0.600394</td>\n",
       "      <td>third</td>\n",
       "      <td>third</td>\n",
       "    </tr>\n",
       "    <tr>\n",
       "      <th>23</th>\n",
       "      <td>0.971530</td>\n",
       "      <td>0.416940</td>\n",
       "      <td>0.511548</td>\n",
       "      <td>0.683686</td>\n",
       "      <td>third</td>\n",
       "      <td>third</td>\n",
       "    </tr>\n",
       "    <tr>\n",
       "      <th>8</th>\n",
       "      <td>0.768713</td>\n",
       "      <td>0.760318</td>\n",
       "      <td>0.970650</td>\n",
       "      <td>0.321685</td>\n",
       "      <td>third</td>\n",
       "      <td>third</td>\n",
       "    </tr>\n",
       "    <tr>\n",
       "      <th>3</th>\n",
       "      <td>0.906006</td>\n",
       "      <td>0.350190</td>\n",
       "      <td>0.126388</td>\n",
       "      <td>0.678321</td>\n",
       "      <td>third</td>\n",
       "      <td>third</td>\n",
       "    </tr>\n",
       "    <tr>\n",
       "      <th>2</th>\n",
       "      <td>0.726453</td>\n",
       "      <td>0.218114</td>\n",
       "      <td>0.960755</td>\n",
       "      <td>0.198306</td>\n",
       "      <td>third</td>\n",
       "      <td>third</td>\n",
       "    </tr>\n",
       "    <tr>\n",
       "      <th>13</th>\n",
       "      <td>0.633827</td>\n",
       "      <td>0.527758</td>\n",
       "      <td>0.400908</td>\n",
       "      <td>0.174506</td>\n",
       "      <td>third</td>\n",
       "      <td>third</td>\n",
       "    </tr>\n",
       "    <tr>\n",
       "      <th>10</th>\n",
       "      <td>0.398442</td>\n",
       "      <td>0.394336</td>\n",
       "      <td>0.797771</td>\n",
       "      <td>0.388758</td>\n",
       "      <td>fourth</td>\n",
       "      <td>fourth</td>\n",
       "    </tr>\n",
       "    <tr>\n",
       "      <th>5</th>\n",
       "      <td>0.740672</td>\n",
       "      <td>0.245764</td>\n",
       "      <td>0.122640</td>\n",
       "      <td>0.705787</td>\n",
       "      <td>fourth</td>\n",
       "      <td>fourth</td>\n",
       "    </tr>\n",
       "    <tr>\n",
       "      <th>24</th>\n",
       "      <td>0.591342</td>\n",
       "      <td>0.783401</td>\n",
       "      <td>0.284444</td>\n",
       "      <td>0.975851</td>\n",
       "      <td>fourth</td>\n",
       "      <td>fourth</td>\n",
       "    </tr>\n",
       "  </tbody>\n",
       "</table>\n",
       "</div>"
      ],
      "text/plain": [
       "           0         1         2         3     cat cat_sort\n",
       "0   0.256140  0.021821  0.861509  0.959911   first    first\n",
       "6   0.248635  0.183440  0.634363  0.283858   first    first\n",
       "18  0.743524  0.490304  0.833266  0.439628   first    first\n",
       "11  0.928001  0.124364  0.975937  0.088078   first    first\n",
       "17  0.237748  0.034058  0.450044  0.113343   first    first\n",
       "14  0.898123  0.981077  0.385086  0.117124   first    first\n",
       "1   0.122057  0.845226  0.696506  0.148699  second   second\n",
       "4   0.905958  0.333877  0.745048  0.767306  second   second\n",
       "20  0.943673  0.872107  0.491260  0.840621  second   second\n",
       "7   0.284415  0.429537  0.383899  0.206239  second   second\n",
       "19  0.719932  0.795728  0.491034  0.356091  second   second\n",
       "9   0.454392  0.212103  0.256736  0.170178  second   second\n",
       "16  0.156722  0.652997  0.947282  0.805937  second   second\n",
       "15  0.363135  0.957774  0.103713  0.536464  second   second\n",
       "22  0.067217  0.714923  0.171014  0.317878   third    third\n",
       "21  0.143653  0.628237  0.222645  0.388624   third    third\n",
       "12  0.248954  0.932197  0.245250  0.600394   third    third\n",
       "23  0.971530  0.416940  0.511548  0.683686   third    third\n",
       "8   0.768713  0.760318  0.970650  0.321685   third    third\n",
       "3   0.906006  0.350190  0.126388  0.678321   third    third\n",
       "2   0.726453  0.218114  0.960755  0.198306   third    third\n",
       "13  0.633827  0.527758  0.400908  0.174506   third    third\n",
       "10  0.398442  0.394336  0.797771  0.388758  fourth   fourth\n",
       "5   0.740672  0.245764  0.122640  0.705787  fourth   fourth\n",
       "24  0.591342  0.783401  0.284444  0.975851  fourth   fourth"
      ]
     },
     "execution_count": 6,
     "metadata": {},
     "output_type": "execute_result"
    }
   ],
   "source": [
    "d['cat_sort']=pd.Categorical(d['cat'],\n",
    "                            categories=cat_list,\n",
    "                            ordered=True)\n",
    "\n",
    "d.sort('cat_sort')"
   ]
  },
  {
   "cell_type": "code",
   "execution_count": 7,
   "metadata": {
    "collapsed": false
   },
   "outputs": [
    {
     "name": "stdout",
     "output_type": "stream",
     "text": [
      "<class 'pandas.core.frame.DataFrame'>\n",
      "Int64Index: 25 entries, 0 to 24\n",
      "Data columns (total 6 columns):\n",
      "0           25 non-null float64\n",
      "1           25 non-null float64\n",
      "2           25 non-null float64\n",
      "3           25 non-null float64\n",
      "cat         25 non-null object\n",
      "cat_sort    25 non-null category\n",
      "dtypes: category(1), float64(4), object(1)\n",
      "memory usage: 1.2+ KB\n"
     ]
    }
   ],
   "source": [
    "d.info()"
   ]
  }
 ],
 "metadata": {
  "kernelspec": {
   "display_name": "Python 2",
   "language": "python",
   "name": "python2"
  },
  "language_info": {
   "codemirror_mode": {
    "name": "ipython",
    "version": 2
   },
   "file_extension": ".py",
   "mimetype": "text/x-python",
   "name": "python",
   "nbconvert_exporter": "python",
   "pygments_lexer": "ipython2",
   "version": "2.7.11"
  }
 },
 "nbformat": 4,
 "nbformat_minor": 0
}
